# Quiz2
Congratulations! You passed!
Grade received 100%
Latest Submission Grade 100%
To pass 80% or higher
<br/>
<br/>
**Question 1 Calculate the numerical inertia matrix of the robot.**
1 / 1 point    

**[[ 2.19776646e+00  2.72282136e-01  6.80325314e-02 -6.48151675e-03
   1.70220299e-01 -1.21173164e-02],
 [ 2.72282136e-01  3.55369302e+00  1.31040730e+00  2.40337045e-01
  -7.22504507e-03  1.96331152e-18],
 [ 6.80325314e-02  1.31040730e+00  8.37248512e-01  2.47638007e-01
  -7.22504507e-03  2.04093853e-18],
 [-6.48151675e-03  2.40337045e-01  2.47638007e-01  2.53679455e-01
  -7.22504507e-03  1.90253070e-18],
 [ 1.70220299e-01 -7.22504507e-03 -7.22504507e-03 -7.22504507e-03
   2.40727855e-01  0.00000000e+00],
 [-1.21173164e-02  1.96331152e-18  2.04093853e-18  1.90253070e-18
   0.00000000e+00  1.71364731e-02]]**

<br/>
<br/>

**Question 2 Calculate the Coriolis and centripetal terms in the robot's dynamics.**    
1 / 1 point

**[-0.11744957, -0.01071051,  0.03165064, -0.01477264,  0.02338575,  0.00286554]**
 
<br/>
<br/>

**Question 3 Calculate the joint forces/torques required to overcome gravity.**    
1 / 1 point

**[0, -41.5967263, -3.93590583, 0.123367683, 0, 0]**

<br/>
<br/>

**Question 4 Calculate the joint forces/torques required to generate the wrench.**    
1 / 1 point

**[-0.13875364, -0.0772107, -0.12228876, -0.14907993, -0.02536015, 0.1]**

<br/>
<br/>


**Question 5 Find the joint acceleration.**    
1 / 1 point

**[0.10001202, 0.09994735, 0.10016669, 0.0998537, 0.10018617, 0.10190745]**

<br/>
<br/>


**Question 6 What is the inertia?**    
1 / 1 point

**200 kg m2**

<br/>
<br/>

