# Quiz3
Congratulations! You passed!
Grade received 100%
Latest Submission Grade 100%
To pass 80% or higher
<br/>
<br/>
**Question 1 Draw the {s}, {a}, and {b} frames.**
1 / 1 point    

**[[0,1,0],[0,0,1],[1,0,0]]**

<br/>
<br/>

**Question 2 Write Rsb−1.**    
1 / 1 point

**[[1,0,0],[0,0,-1],[0,1,0]]**
 
<br/>
<br/>

**Question 3 write Rab.**    
1 / 1 point

**[[0,-1,0],[1,0,0],[0,0,1]]**
 
<br/>
<br/>

**Question 4 The new orientation R1 corresponds to the orientation of the new {a} frame relative to {s} after rotating the original {a} frame by −90∘ about which axis?**    
1 / 1 point

**The x^a-axis of the {a} frame.**
 
<br/>
<br/>

**Question 5 Use Rsb to change the representation of the point pb=(1,2,3)⊺ in {b} coordinates to {s} coordinates.**    
1 / 1 point

**[1,3,-2]**
 
<br/>
<br/>

**Question 6 Choose a point p represented by ps=(1,2,3)⊺ in {s} coordinates. Calculate q=Rsb⊺ps. Is q a representation of p in {b} coordinates?**    
1 / 1 point

**Yes.**
 
<br/>
<br/>

**Question 7 What is its representation ωa?**    
1 / 1 point

**[1,3,2]**
 
<br/>
<br/>

**Question 8 Extract and enter the rotation amount θ in radians.**    
1 / 1 point

**2.0944**
 
<br/>
<br/>

**Question 9 Calculate the matrix exponential corresponding to the exponential coordinates of rotation ω^θ=(1,2,0)⊺.**    
1 / 1 point

**[[-0.2938,0.6469,0.7037],[0.6469,0.6765,-0.3518],[-0.7037,0.3518,-0.6173]]**
 
<br/>
<br/>

**Question 10 Write the 3×3 skew-symmetric matrix corresponding to ω=(1,2,0.5)⊺.**    
1 / 1 point

**[[0,-0.5,2],[0.5,0,-1],[-2,1,0]]**
 
<br/>
<br/>

**Question 11 Calculate the rotation matrix.**    
1 / 1 point

**[[0.6048,0.7963,-0.0118],[0.4683,-0.3436,0.8140],[0.6441,-0.4979,-0.5807]]**
 
<br/>
<br/>

**Question 12 Calculate the matrix logarithm.**    
1 / 1 point

**[[0,1.2092,1.2092],[-1.2092,0,1.2092],[-1.2092,-1.2092,0]]**
 
<br/>
<br/>

